{"object":{"uuid":"B6BEBD25-292C-4ECC-9729-2C0233CBC257","objectType":"Scene","name":"Girl & Flowers - Copy","matrix":[1,0,0,0,0,1,0,0,0,0,1,0,0,0,0,1],"layers":1,"children":[{"uuid":"D0CA3448-D9F9-4170-8E68-B63F3D1F5AD0","objectType":"LightDirectional","name":"Directional Light 2","matrix":[1,0,0,0,0,1,0,0,0,0,1,0,-790.9181879107666,-103.44685354169894,-1935.177919804999,1],"layers":1,"hiddenMatrix":[1,0,0,0,0,1,0,0,0,0,1,0,0,0,0,1],"interaction":{"uuid":"678F3CF3-A377-44F9-8B91-65AF8606A915"},"enableHelper":true,"color":16777215,"intensity":5.9,"shadow":{"mapSize":[1024,1024],"camera":{"uuid":"1EB62582-8D1A-4F8F-9B74-F163F660E997","type":"OrthographicCamera","layers":1,"zoom":1,"left":-1250,"right":1250,"top":1250,"bottom":-1250,"near":1,"far":2500}}},{"uuid":"9A6A608C-AF38-4578-A85C-6C80E818518C","objectType":"LightDirectional","name":"Directional Light","matrix":[1,0,0,0,0,1,0,0,0,0,5.736664801389032,0,-1534.3713099979736,1538.7207616238618,1735.3491889784268,1],"castShadow":true,"layers":1,"hiddenMatrix":[1,0,0,0,0,1,0,0,0,0,1,0,0,0,0,1],"interaction":{"uuid":"EFF3DAB0-924A-4E46-B68F-906D7CF51C95"},"enableHelper":true,"color":16773340,"intensity":0.75,"shadow":{"mapSize":[1024,1024],"camera":{"uuid":"F6827A08-BE6A-4B47-905F-42A7FE8F671F","type":"OrthographicCamera","layers":1,"zoom":1,"left":-1450,"right":1450,"top":1450,"bottom":-1450,"near":1,"far":10000}}},{"uuid":"0D98319A-1CAD-402B-8DFF-0B573D4EF263","objectType":"Mesh2D","name":"Floor","matrix":[1,0,0,0,0,0.01745240643728352,-0.9998476951563913,0,0,0.9998476951563913,0.01745240643728352,0,-30.36183386542143,-1163.2231900595532,184.20065958816792,1],"castShadow":true,"receiveShadow":true,"layers":1,"raycastLock":true,"hiddenMatrix":[1,0,0,0,0,1,0,0,0,0,1,0,0,0,0,1],"interaction":{"uuid":"09B7EEB1-6DFD-4065-924C-3EBDD7360AB4"},"geometry":"BB8428F1-2F80-4976-A09D-7617A7209332","material":"9DE9AC27-9158-44E6-A423-D31393F9953F"},{"uuid":"D1713614-15D2-4EC4-B3CF-37099C8AEF83","objectType":"EmptyObject","name":"girl","matrix":[1,0,0,0,0,1,0,0,0,0,1,0,-16.117586304761744,-276.37495446957246,254.23404673213065,1],"layers":1,"children":[{"uuid":"0BC8E3BD-484F-4D61-95F6-A8968698C6B4","objectType":"Mesh3D","name":"Eye Hightlight 1","matrix":[1,0,0,0,0,1,0,0,0,0,1,0,112.5,-17.5,507.14,1],"castShadow":true,"receiveShadow":true,"layers":1,"hiddenMatrix":[1,0,0,0,0,1,0,0,0,0,1,0,16.117586304761744,276.37495446957246,-254.23404673213065,1],"interaction":{"uuid":"19EB43AF-D450-4471-AA04-0DEB403BBF3A"},"geometry":"F3C9AA5A-5C9E-4E5A-98CE-D60C22ED6BC7","material":"C3D54BD0-DB66-4C19-A4C0-37BBC318FDC0"},{"uuid":"F0C9CF55-5F73-45A0-945C-7FBFC2A19BFE","objectType":"Mesh3D","name":"Eye Highligth 2","matrix":[1,0,0,0,0,1,0,0,0,0,1,0,-157.5,-16.5,507.14,1],"castShadow":true,"receiveShadow":true,"layers":1,"hiddenMatrix":[1,0,0,0,0,1,0,0,0,0,1,0,16.117586304761744,276.37495446957246,-254.23404673213065,1],"interaction":{"uuid":"1752004A-358F-4A2F-A56E-9D16A262AE68"},"geometry":"A4AF0506-CBE1-4314-81F3-F2932DCEB191","material":"26E6913C-85E3-420C-8C58-E956B55DBA81"},{"uuid":"27BE4FA0-DF91-49D1-AB56-762714D4D1FC","objectType":"EmptyObject","name":"basket","matrix":[0.9919415193434397,-0.034899496702501025,-0.12179510389394503,0,0.034639361146286435,0.999390827019095,-0.004253178748303912,0,0.1218693434051482,-2.81892564846231e-17,0.9925461516413217,0,128.5940645251645,-329.30714792104203,551.2417441353602,1],"layers":1,"children":[{"uuid":"646CDA80-4A5A-4EE0-ADF0-FB16C100B296","objectType":"EmptyObject","name":"ribbon","matrix":[0.12701740165934824,-0.017851131650933705,1.3528332972303253e-16,0,0.0069749928147799485,0.04962965268813361,0.11806917580300243,0,-0.016432053324302986,-0.116920134700348,0.05011739169899999,0,157.8776381450252,-243.25751155530818,568.8557843689493,1],"layers":1,"children":[{"uuid":"C655782E-E31A-4F2A-A21D-60B56275B62E","objectType":"SubdivObject","name":"Subdiv 4","matrix":[-1.2710340341110127,0.0012720147002318652,-0.04471713293744263,0,-0.056309391683819335,0.08458327789015992,1.6029369446240573,0,0.0013505229913528627,0.4732530747483754,-0.024925028610583867,0,30.590409154907107,697.1529149090209,186.17374649649642,1],"castShadow":true,"receiveShadow":true,"layers":1,"hiddenMatrix":[1,0,0,0,0,1,0,0,0,0,1,0,-132.29926479695894,-649.5338289924437,-336.0095001190613,1],"interaction":{"uuid":"0AFEB39E-1059-4038-9033-A06ED0B6A83E"},"geometry":"2952D186-4D95-4F0F-AA9F-A81CC10E8772","material":"E68BF835-54B4-4EF8-BA16-2A90512C5E40"},{"uuid":"D26824AF-97CE-4107-B625-171339DCDA08","objectType":"SubdivObject","name":"Subdiv 4","matrix":[1.2709694494925325,0.006072818874437962,0.044659840780505465,0,0.05672971295401099,-0.08473289559346883,-1.6029426720802724,0,-0.0013804868660959148,0.4732513837240565,-0.02506532230379948,0,233.98157263961798,697.5104339489193,193.87662138783443,1],"castShadow":true,"receiveShadow":true,"layers":1,"hiddenMatrix":[1,0,0,0,0,1,0,0,0,0,1,0,-132.29926479695894,-649.5338289924437,-336.0095001190613,1],"interaction":{"uuid":"16EF5190-04B7-461A-ABCB-B97C5F9E9149"},"geometry":"DEFAD7EE-1053-40F5-AF73-26AC9EDC5B16","material":"E68BF835-54B4-4EF8-BA16-2A90512C5E40"},{"uuid":"ABCF1EB8-BBC6-41EC-AD47-84E3C8B8936B","objectType":"SubdivObject","name":"Subdiv 4","matrix":[-0.39731100694946647,0.001454033756279564,0.027744616852141236,0,9.44119413446019e-19,0.25576560689972255,-0.01340410747459373,0,0.05188397187452689,0.03883199028048022,0.7409585143983769,0,160.36859069977035,704.4245234763428,280.6654525395107,1],"castShadow":true,"receiveShadow":true,"layers":1,"hiddenMatrix":[1,0,0,0,0,1,0,0,0,0,1,0,-132.29926479695894,-649.5338289924437,-336.0095001190613,1],"interaction":{"uuid":"8BBB174E-55FD-468E-AF3B-6E17B8BC8EC5"},"geometry":"F7FC7E08-FF17-4AC4-BFA7-68736F6F3100","material":"E68BF835-54B4-4EF8-BA16-2A90512C5E40"},{"uuid":"4530A1E4-8EAE-4181-8FEC-162DE6C61BDF","objectType":"SubdivObject","name":"Subdiv 4","matrix":[0.39609937384887156,0.002178835969270828,0.041574666949795475,0,8.885829773609591e-19,0.25576560689972255,-0.013404107474593743,0,-0.07774693239454598,0.038713568882726646,0.7386988995210886,0,104.54930540606446,704.322507488295,278.7188715272369,1],"castShadow":true,"receiveShadow":true,"layers":1,"hiddenMatrix":[1,0,0,0,0,1,0,0,0,0,1,0,-132.29926479695894,-649.5338289924437,-336.0095001190613,1],"interaction":{"uuid":"4D28F0D4-595D-44A6-B783-21AEA33DD0DA"},"geometry":"6244E9F7-008C-49F6-938B-5DA8C15576BF","material":"E68BF835-54B4-4EF8-BA16-2A90512C5E40"},{"uuid":"9C5408BF-8155-4D7C-B86C-3EFF15277809","objectType":"SubdivObject","name":"Subdiv 4","matrix":[0.9993908270190958,0.0018264985323228544,0.03485166815518734,0,3.9591548874777716e-19,0.40518570589298514,-0.021234883043082835,0,-0.03184877566133812,0.04773194158270266,0.9107797017102065,0,132.81330289310353,701.2548195120692,188.50938007632723,1],"castShadow":true,"receiveShadow":true,"layers":1,"hiddenMatrix":[1,0,0,0,0,1,0,0,0,0,1,0,-132.29926479695894,-649.5338289924437,-336.0095001190613,1],"interaction":{"uuid":"7534B2CC-9281-470C-BD2E-31FF6DFAF7C4"},"geometry":"F9C6099D-AB5B-437F-A723-2131173F76C5","material":"E68BF835-54B4-4EF8-BA16-2A90512C5E40"}],"hiddenMatrix":[1,0,0,0,0,1,0,0,0,0,1,0,-124.11391537143015,329.76025446664556,-547.7785240622717,1],"interaction":{"uuid":"D41CE2EA-A01D-4CAC-BEFC-9119CE5433D2"},"enableHelper":true},{"uuid":"F4F82B43-09BD-48CF-8C81-FA6A88CFD261","objectType":"EmptyObject","name":"flower","matrix":[0.09908057319454613,0.07118528390246956,0.04937367567851154,0,-0.10385941690665056,0.11482607543364025,0.0428674541752491,0,-0.016295068065717223,-0.05835711839613469,0.11683741681531197,0,44.29605757569132,-320.1987133418599,583.587939686675,1],"layers":1,"children":[{"uuid":"6C2EEBD0-1106-480D-828F-2B5CAB164D04","objectType":"EmptyObject","name":"Empty Object","matrix":[-0.6293203910498493,-4.440892098500698e-16,-0.7771459614569822,0,-0.2530139764153776,0.945518575599314,0.20488667827635118,0,0.7348059425095678,0.325568154457162,-0.595034119741059,0,175.51380640162108,-305.2581961817414,593.1052462504582,1],"layers":1,"children":[{"uuid":"5E9F7289-26C2-465D-8CD4-73D26B0F433A","objectType":"EmptyObject","name":"Empty Object","matrix":[0.8123468184572595,0.25852674511847773,0.522739484447858,0,-0.2208498822747346,0.9659844669943968,-0.1345337839532244,0,-0.5397388035351931,-0.00615886223124678,0.8418100096663217,0,113.3664752072661,-301.15981183600064,608.4171295655979,1],"layers":1,"children":[{"uuid":"22F4C6BD-7F39-401C-AA75-1754F746BE34","objectType":"EmptyObject","name":"Empty Object","matrix":[0.9355004780924756,0.33992259425648086,0.09639235137026284,0,-0.35083592244441164,0.8613438857200759,0.367424639967461,0,0.04186897432853569,-0.3775438258620872,0.9250446738088309,0,82.62819940109964,-329.0943248758006,631.9467192127915,1],"layers":1,"children":[{"uuid":"24EC1C5C-D409-47A9-A743-F72694B1D345","objectType":"EmptyObject","name":"Empty Object","matrix":[0.9729923038571796,-0.16339928119257224,0.16305413683935718,0,0.168020640360589,0.9856713003398055,-0.014871183518176411,0,-0.15828784238688315,0.04186600759762587,0.9865050412239791,0,139.1577222018523,-279.63967708745093,566.8238560912405,1],"layers":1,"children":[{"uuid":"1C51D0FC-FEE3-4684-9F99-52A830FF54B4","objectType":"EmptyObject","name":"Empty Object","matrix":[-0.29510748202654197,-0.041272165006987244,-0.9545722510358351,0,0.38849496012728907,0.9075688636269478,-0.15934372824364795,0,0.8729165137673063,-0.41787003502348574,-0.25179633401188073,0,180.0231339508676,-300.73768983135705,524.6096230598946,1],"layers":1,"children":[{"uuid":"C5DB63FE-42B1-4DA4-A011-F2AA1AD76583","objectType":"EmptyObject","name":"Empty Object","matrix":[-0.13107511154184834,0.7131436605934476,0.6886548006728056,0,-0.7980599186929769,0.3362092339502962,-0.5000637131229575,0,-0.5881493698968467,-0.6151337012080808,0.5250627089481763,0,45.60093446373359,-311.2590488658884,527.5821011086581,1],"layers":1,"children":[{"uuid":"2D09AB18-78E4-4B26-AEDF-4CC972E95C56","objectType":"SubdivObject","name":"Subdiv 11","matrix":[0.028581204718157834,0.0004988867868786228,-1.6376655458455855,0,-1.1549754084170452,-0.02016017074173917,-0.020163241705784783,0,-0.002866169069147887,0.16420271601483258,3.8154251432046357e-13,0,123.88906733353983,664.1072176039536,44.414584769738184,1],"castShadow":true,"receiveShadow":true,"layers":1,"hiddenMatrix":[-0.12029614157289717,0.05240470662557518,-0.010229835042803025,0,0.06491815048800904,0.14082129456478848,-0.04200501686062483,0,-0.00473493434352476,-0.035586880942328813,-0.12662234708139514,0,-29.49367373303523,-97.18189139104867,53.95437175544736,1],"interaction":{"uuid":"A86CF4CB-2D79-470B-9ECC-E48F5E938C2B"},"geometry":"D1C53AB4-96CD-4ACA-A67D-5DCD666CD834","material":"76C91D90-3955-4305-9BE8-93BBB91C42E3"},{"uuid":"E541C2A6-9DC9-461F-9DF7-9F56218D81D8","objectType":"SubdivObject","name":"Subdiv 11","matrix":[1.0406423021361046,0.03966196083736552,1.3109279247770596,0,0.8838649259342815,-0.002785856676860162,-0.7015463794004799,0,-0.002125518937583209,0.16607849357302604,-0.0033374022917939915,0,210.30792310218885,661.7800037740758,303.57845587657283,1],"castShadow":true,"receiveShadow":true,"layers":1,"hiddenMatrix":[-0.12029614157289717,0.05240470662557518,-0.010229835042803025,0,0.06491815048800904,0.14082129456478848,-0.04200501686062483,0,-0.00473493434352476,-0.035586880942328813,-0.12662234708139514,0,-29.49367373303523,-97.18189139104867,53.95437175544736,1],"interaction":{"uuid":"F3490B74-AD3B-407A-A2B1-B2DF2F557C32"},"geometry":"D56658AE-4701-4431-AE59-F8689B5FCE97","material":"76C91D90-3955-4305-9BE8-93BBB91C42E3"},{"uuid":"37B3807A-2A12-4C37-95DA-F84669CB86C4","objectType":"SubdivObject","name":"Subdiv 11","matrix":[-0.9931999160924766,0.01960310580815756,1.360421056652325,0,0.9048291000098211,-0.013153294449809906,0.6607763289423606,0,0.002699295457990022,0.1651424178656156,-0.0004089647581751394,0,37.480507697594476,661.8661466872883,308.2502833059256,1],"castShadow":true,"receiveShadow":true,"layers":1,"hiddenMatrix":[-0.12029614157289717,0.05240470662557516,-0.010229835042803032,0,0.06491815048800903,0.14082129456478848,-0.04200501686062483,0,-0.0047349343435247535,-0.03558688094232881,-0.12662234708139514,0,-29.493673733035163,-97.1818913910487,53.954371755447376,1],"interaction":{"uuid":"E273F573-415E-4E96-B7D8-9EF9A7FF1FBC"},"geometry":"23BD4DDD-A2AC-45E1-B3A0-8426A4FA2595","material":"76C91D90-3955-4305-9BE8-93BBB91C42E3"},{"uuid":"6CE8DF03-9405-4292-9725-A97AE1EF1C19","objectType":"SubdivObject","name":"Subdiv 11","matrix":[1.6078218962629178,0.005454381686969962,-0.3124813175661162,0,-0.210429764820941,0.018893404370264644,-1.0824024114472033,0,-4.5582351419394784e-18,0.164202716015111,0.0028661690694325795,0,259.58731839906034,665.5218966381151,147.89972472828435,1],"castShadow":true,"receiveShadow":true,"layers":1,"hiddenMatrix":[-0.12029614157289717,0.05240470662557518,-0.010229835042803025,0,0.06491815048800904,0.14082129456478848,-0.0420050168606248,0,-0.00473493434352476,-0.035586880942328813,-0.12662234708139514,0,-29.49367373303523,-97.18189139104867,53.95437175544736,1],"interaction":{"uuid":"542711C9-9303-4D19-96F8-04BBF4E19D58"},"geometry":"F15B92C0-316A-493A-87B3-0479430B21E1","material":"76C91D90-3955-4305-9BE8-93BBB91C42E3"},{"uuid":"5C93E487-214F-43D3-9A2D-60F974247510","objectType":"Mesh3D","name":"Sphere 8","matrix":[0.2652144700306235,0,0,0,0,0.004831666538953149,-0.2768059906292447,0,0,0.1177491323174823,0.002055318749842977,0,120.7650530767985,669.6121524552415,185.82789777451268,1],"castShadow":true,"receiveShadow":true,"layers":1,"hiddenMatrix":[-0.12029614157289717,0.05240470662557516,-0.010229835042803032,0,0.06491815048800903,0.14082129456478848,-0.04200501686062483,0,-0.0047349343435247535,-0.03558688094232881,-0.12662234708139514,0,-29.493673733035163,-97.1818913910487,53.954371755447376,1],"interaction":{"uuid":"2FB9E67E-CC69-4488-A309-61276846D59B"},"geometry":"25D59970-6A9F-479D-A2AE-7FFC99A1C0AD","material":"A45830D5-841C-4B45-A548-86E373C5DA1F"},{"uuid":"4D86827F-1050-43BB-BBED-8C7AC10475A1","objectType":"SubdivObject","name":"Subdiv 11","matrix":[-1.6021226355134959,0.005943271786875083,-0.34048981263133576,0,-0.229291119718794,-0.0188264327497186,1.0785656098754839,0,-1.3674705425818517e-16,0.16420271601511194,0.0028661690694333623,0,-19.057195231376205,665.4280730297495,153.2748756516134,1],"castShadow":true,"receiveShadow":true,"layers":1,"hiddenMatrix":[-0.12029614157289717,0.05240470662557516,-0.010229835042803032,0,0.06491815048800903,0.14082129456478848,-0.04200501686062483,0,-0.0047349343435247535,-0.03558688094232881,-0.12662234708139514,0,-29.493673733035163,-97.1818913910487,53.954371755447376,1],"interaction":{"uuid":"953E1E91-6417-4782-A244-9B028EF6D7C7"},"geometry":"48EAA720-4939-4740-94C7-E0CA9D1AAEC4","material":"76C91D90-3955-4305-9BE8-93BBB91C42E3"}],"hiddenMatrix":[-0.2951074820265326,0.3884949601272894,0.8729165137672895,0,-0.041272165006985786,0.9075688636269487,-0.4178700350234775,0,-0.9545722510358055,-0.1593437282436477,-0.2517963340118758,0,541.4918670075555,286.5953363746649,-150.71965559472858,1],"interaction":{"uuid":"2ACAFC3C-FD0F-4A40-9C12-3112E1EE3722"},"enableHelper":true},{"uuid":"6B124152-5E5F-4D5F-837F-73AC6E7211C4","objectType":"EmptyObject","name":"Empty Object 2","matrix":[0.8067072841115986,-0.5648625214636235,-0.17364817766693108,0,0.5735764363510463,0.8191520442889919,5.551115123125784e-16,0,0.14224425972292387,-0.09960050292505179,0.9848077530122048,0,220.49028689348253,-327.79711697799917,525.4373136895077,1],"layers":1,"children":[{"uuid":"D538D97B-70B6-4F37-ABA8-5919C534404D","objectType":"EmptyObject","name":"Empty Object","matrix":[0.7621624877770994,0.05101291651809237,-0.6453727795419795,0,0.17548970692825863,0.9432854489359771,0.28180831177926646,0,0.6231466159642179,-0.32804000392324895,0.7099845426756689,0,181.38646363931113,-324.7041894495031,477.390928134698,1],"layers":1,"children":[{"uuid":"AA61E5B7-5F40-4026-9DBC-0B9E367025A3","objectType":"SubdivObject","name":"Subdiv 12","matrix":[0.028581204718157834,0.0004988867868786228,-1.6376655458455855,0,-1.1549754084170452,-0.02016017074173917,-0.020163241705784783,0,-0.002866169069147887,0.16420271601483258,3.8154251432046357e-13,0,123.88906733353983,664.1072176039536,44.414584769738184,1],"castShadow":true,"receiveShadow":true,"layers":1,"hiddenMatrix":[-0.06844080409580791,0.11189710112902004,0.010814784902308363,0,0.12716674864055366,0.08286794195345057,-0.05263978479950207,0,-0.04224280440143372,-0.013864829870672104,-0.12387645639023484,0,-71.51495204572811,-67.4017973731207,59.21827719046967,1],"interaction":{"uuid":"5DDC8913-4E5F-4017-8A2B-B3E14282ACD7"},"geometry":"CEA8C5BE-AFF0-4904-A708-35EEF689CF11","material":"7CD16E3D-51B7-4DCB-B24C-B5EF35F321BE"},{"uuid":"52471FF2-55EB-495C-A599-493C4915A6C5","objectType":"SubdivObject","name":"Subdiv 12","matrix":[1.0406423021361046,0.03966196083736552,1.3109279247770596,0,0.8838649259342815,-0.002785856676860162,-0.7015463794004799,0,-0.002125518937583209,0.16607849357302604,-0.0033374022917939915,0,210.30792310218885,661.7800037740758,303.57845587657283,1],"castShadow":true,"receiveShadow":true,"layers":1,"hiddenMatrix":[-0.06844080409580793,0.11189710112902004,0.010814784902308363,0,0.12716674864055366,0.08286794195345057,-0.05263978479950207,0,-0.042242804401433715,-0.013864829870672097,-0.12387645639023484,0,-71.51495204572807,-67.40179737312079,59.21827719046962,1],"interaction":{"uuid":"52EDB550-E1A4-49E4-B117-CC2D0E07D04E"},"geometry":"8DB7FB79-0851-4BD4-A29B-173C174E70E4","material":"7CD16E3D-51B7-4DCB-B24C-B5EF35F321BE"},{"uuid":"4DEFF15B-747E-4342-B726-0D42EA13EFF5","objectType":"SubdivObject","name":"Subdiv 12","matrix":[-0.9931999160924766,0.01960310580815756,1.360421056652325,0,0.9048291000098211,-0.013153294449809906,0.6607763289423606,0,0.002699295457990022,0.1651424178656156,-0.0004089647581751394,0,37.480507697594476,661.8661466872883,308.2502833059256,1],"castShadow":true,"receiveShadow":true,"layers":1,"hiddenMatrix":[-0.06844080409580793,0.11189710112902002,0.010814784902308356,0,0.12716674864055366,0.08286794195345057,-0.052639784799502064,0,-0.04224280440143371,-0.013864829870672094,-0.12387645639023484,0,-71.51495204572804,-67.40179737312084,59.21827719046963,1],"interaction":{"uuid":"A85812E3-06F7-4595-B35B-B5CC762545E2"},"geometry":"EB749EC9-2CE6-4988-ACA3-7E974132EC3F","material":"7CD16E3D-51B7-4DCB-B24C-B5EF35F321BE"},{"uuid":"96A1BC6F-5E2C-4334-AE6E-472C2AA44F0D","objectType":"Mesh3D","name":"Sphere 9","matrix":[0.2652144700306235,0,0,0,0,0.004831666538953149,-0.2768059906292447,0,0,0.1177491323174823,0.002055318749842977,0,120.7650530767985,669.6121524552415,185.82789777451268,1],"castShadow":true,"receiveShadow":true,"layers":1,"hiddenMatrix":[-0.06844080409580793,0.11189710112902002,0.010814784902308356,0,0.12716674864055366,0.08286794195345057,-0.052639784799502064,0,-0.04224280440143371,-0.013864829870672094,-0.12387645639023484,0,-71.51495204572804,-67.40179737312084,59.21827719046963,1],"interaction":{"uuid":"365A173A-888B-46F3-969A-EF82E87B2685"},"geometry":"74779A94-148E-4B7C-B7DA-5FF4E5871D7A","material":"0ECB6DE2-D5BB-434E-97FD-E2276EDD3FDE"},{"uuid":"AEBD43C2-2D24-45D0-A8AF-22E6FB002F4B","objectType":"SubdivObject","name":"Subdiv 12","matrix":[1.6078218962629178,0.005454381686969962,-0.3124813175661162,0,-0.210429764820941,0.018893404370264644,-1.0824024114472033,0,-4.5582351419394784e-18,0.164202716015111,0.0028661690694325795,0,259.58731839906034,665.5218966381151,147.89972472828435,1],"castShadow":true,"receiveShadow":true,"layers":1,"hiddenMatrix":[-0.06844080409580791,0.11189710112902004,0.010814784902308363,0,0.12716674864055363,0.08286794195345054,-0.05263978479950203,0,-0.04224280440143372,-0.013864829870672104,-0.12387645639023484,0,-71.51495204572811,-67.4017973731207,59.21827719046967,1],"interaction":{"uuid":"4B178408-F893-48BF-834A-50F50984784E"},"geometry":"C3C86CEA-E62F-4938-9A92-25DF6B948AD1","material":"7CD16E3D-51B7-4DCB-B24C-B5EF35F321BE"},{"uuid":"D46D616B-057C-43A7-9FEB-791C37A290A0","objectType":"SubdivObject","name":"Subdiv 12","matrix":[-1.6021226355134959,0.005943271786875083,-0.34048981263133576,0,-0.229291119718794,-0.0188264327497186,1.0785656098754839,0,-1.3674705425818517e-16,0.16420271601511194,0.0028661690694333623,0,-19.057195231376205,665.4280730297495,153.2748756516134,1],"castShadow":true,"receiveShadow":true,"layers":1,"hiddenMatrix":[-0.06844080409580793,0.11189710112902004,0.010814784902308363,0,0.12716674864055366,0.08286794195345057,-0.05263978479950207,0,-0.042242804401433715,-0.013864829870672097,-0.12387645639023484,0,-71.51495204572807,-67.40179737312079,59.21827719046962,1],"interaction":{"uuid":"1E858733-674F-4C20-8B0E-E31614CAB73C"},"geometry":"7B8D1C4B-9895-4A3E-8CF6-2713B31D08F7","material":"7CD16E3D-51B7-4DCB-B24C-B5EF35F321BE"}],"hiddenMatrix":[0.8067072841115986,0.5735764363510462,0.1422442597229244,0,-0.5648625214636233,0.8191520442889914,-0.09960050292505203,0,-0.1736481776669309,4.579669976578776e-16,0.9848077530122095,0,-271.7901945371368,142.047645478182,-581.4669755869851,1],"interaction":{"uuid":"1ED1D1DB-3EA7-4909-AE44-28A51C07A222"},"enableHelper":true},{"uuid":"A5CB8F03-5698-4F4E-8F60-D50A21E343D5","objectType":"SubdivObject","name":"Subdiv 11","matrix":[0.028581204718157834,0.0004988867868786228,-1.6376655458455855,0,-1.1549754084170452,-0.02016017074173917,-0.020163241705784783,0,-0.002866169069147887,0.16420271601483258,3.8154251432046357e-13,0,123.88906733353983,664.1072176039536,44.414584769738184,1],"castShadow":true,"receiveShadow":true,"layers":1,"hiddenMatrix":[-0.12029614157289717,0.05240470662557519,-0.010229835042803025,0,0.06491815048800904,0.14082129456478848,-0.04200501686062483,0,-0.00473493434352476,-0.03558688094232882,-0.12662234708139514,0,-29.493673733035244,-97.18189139104862,53.954371755447276,1],"interaction":{"uuid":"E36861AE-C478-4F19-B60D-392C68D82B01"},"geometry":"66A7705C-9090-4101-B729-8CC1654F7573","material":"3F6AF40F-999A-48D4-BF1C-78334C417041"},{"uuid":"5B2C08BC-6790-4D4A-AA53-9A63F36354D3","objectType":"SubdivObject","name":"Subdiv 11","matrix":[1.0406423021361046,0.03966196083736552,1.3109279247770596,0,0.8838649259342815,-0.002785856676860162,-0.7015463794004799,0,-0.002125518937583209,0.16607849357302604,-0.0033374022917939915,0,210.30792310218885,661.7800037740758,303.57845587657283,1],"castShadow":true,"receiveShadow":true,"layers":1,"hiddenMatrix":[-0.12029614157289717,0.05240470662557518,-0.010229835042803025,0,0.06491815048800904,0.14082129456478848,-0.04200501686062483,0,-0.00473493434352476,-0.035586880942328813,-0.12662234708139514,0,-29.493673733035145,-97.18189139104867,53.95437175544725,1],"interaction":{"uuid":"CEE78E57-73F1-4B3D-90D9-F7A2239CF08D"},"geometry":"74CB3EF2-280D-45CE-9356-3B35DA13E416","material":"3F6AF40F-999A-48D4-BF1C-78334C417041"},{"uuid":"CAE63511-7338-4E2E-BBF8-6922DB33F9E2","objectType":"SubdivObject","name":"Subdiv 11","matrix":[-0.9931999160924766,0.01960310580815756,1.360421056652325,0,0.9048291000098211,-0.013153294449809906,0.6607763289423606,0,0.002699295457990022,0.1651424178656156,-0.0004089647581751394,0,37.480507697594476,661.8661466872883,308.2502833059256,1],"castShadow":true,"receiveShadow":true,"layers":1,"hiddenMatrix":[-0.12029614157289717,0.05240470662557516,-0.010229835042803032,0,0.06491815048800903,0.14082129456478848,-0.04200501686062483,0,-0.0047349343435247535,-0.03558688094232881,-0.12662234708139514,0,-29.493673733035077,-97.1818913910487,53.95437175544726,1],"interaction":{"uuid":"8B646585-F59C-421D-9780-93933AC62493"},"geometry":"7FD0808E-E902-4E80-9A29-16C370FEAC7B","material":"3F6AF40F-999A-48D4-BF1C-78334C417041"},{"uuid":"D62AD658-CD8B-4A18-92A3-02A9561D721A","objectType":"Mesh3D","name":"Sphere 8","matrix":[0.2652144700306235,0,0,0,0,0.004831666538953149,-0.2768059906292447,0,0,0.1177491323174823,0.002055318749842977,0,120.7650530767985,669.6121524552415,185.82789777451268,1],"castShadow":true,"receiveShadow":true,"layers":1,"hiddenMatrix":[-0.12029614157289717,0.05240470662557516,-0.010229835042803032,0,0.06491815048800903,0.14082129456478848,-0.04200501686062483,0,-0.0047349343435247535,-0.03558688094232881,-0.12662234708139514,0,-29.493673733035077,-97.1818913910487,53.95437175544726,1],"interaction":{"uuid":"3DA5652C-2A22-4023-AD6A-551813BF8FB2"},"geometry":"85A3E5C3-99FA-431C-96E3-AA3489F44D6C","material":"15F01CCE-F17D-4067-B406-6A937EDB144B"},{"uuid":"6D667102-9A3D-4418-9B78-A157A049209F","objectType":"SubdivObject","name":"Subdiv 11","matrix":[1.6078218962629178,0.005454381686969962,-0.3124813175661162,0,-0.210429764820941,0.018893404370264644,-1.0824024114472033,0,-4.5582351419394784e-18,0.164202716015111,0.0028661690694325795,0,259.58731839906034,665.5218966381151,147.89972472828435,1],"castShadow":true,"receiveShadow":true,"layers":1,"hiddenMatrix":[-0.12029614157289717,0.05240470662557519,-0.010229835042803025,0,0.06491815048800903,0.14082129456478845,-0.04200501686062479,0,-0.00473493434352476,-0.03558688094232882,-0.12662234708139514,0,-29.493673733035244,-97.18189139104862,53.954371755447276,1],"interaction":{"uuid":"2D8EEEDF-D871-4FAC-8BAC-FD55F2747380"},"geometry":"44EA0DAA-09E7-4A46-B3E2-2CF6E95666C5","material":"3F6AF40F-999A-48D4-BF1C-78334C417041"},{"uuid":"1137C90A-F5BE-45F8-9F9D-4E1D733FC85C","objectType":"SubdivObject","name":"Subdiv 11","matrix":[-1.6021226355134959,0.005943271786875083,-0.34048981263133576,0,-0.229291119718794,-0.0188264327497186,1.0785656098754839,0,-1.3674705425818517e-16,0.16420271601511194,0.0028661690694333623,0,-19.057195231376205,665.4280730297495,153.2748756516134,1],"castShadow":true,"receiveShadow":true,"layers":1,"hiddenMatrix":[-0.12029614157289717,0.05240470662557518,-0.010229835042803025,0,0.06491815048800904,0.14082129456478848,-0.04200501686062483,0,-0.00473493434352476,-0.035586880942328813,-0.12662234708139514,0,-29.493673733035145,-97.18189139104867,53.95437175544725,1],"interaction":{"uuid":"1298D048-1D95-4F9A-8CBD-BF54ABD66398"},"geometry":"1A5F0438-3883-46AD-AF43-08225ECDCB20","material":"3F6AF40F-999A-48D4-BF1C-78334C417041"}],"hiddenMatrix":[-0.2951074820265326,0.3884949601272894,0.8729165137672895,0,-0.041272165006985786,0.9075688636269487,-0.4178700350234775,0,-0.9545722510358055,-0.1593437282436477,-0.2517963340118758,0,541.4918670075555,286.5953363746649,-150.71965559472858,1],"interaction":{"uuid":"6D836CDF-38DF-4D87-BE5B-27873453929A"},"enableHelper":true},{"uuid":"0604280C-57AE-4E50-979F-4A0C4A39F1C2","objectType":"SubdivObject","name":"Subdiv 10","matrix":[0.028581204718157834,0.0004988867868786228,-1.6376655458455855,0,-1.1549754084170452,-0.02016017074173917,-0.020163241705784783,0,-0.002866169069147887,0.16420271601483258,3.8154251432046357e-13,0,123.88906733353983,664.1072176039536,44.414584769738184,1],"castShadow":true,"receiveShadow":true,"layers":1,"hiddenMatrix":[0.04310255240262499,0.0024564953720852146,-0.12433101015316986,0,0.015126991865332434,0.1597186325595266,0.008399835567985863,0,0.12373624105893871,-0.013960566362939207,0.04262053160475526,0,-38.97177448197738,-107.81754425314563,1.4734845515831125,1],"interaction":{"uuid":"D56D4E24-6F2A-46DE-AAED-F62F52EC89D8"},"geometry":"55693B92-D1E9-4F41-9E56-E9DC23F07F8C","material":"76C91D90-3955-4305-9BE8-93BBB91C42E3"},{"uuid":"9CC18BE4-33FC-437B-8DA3-DD38606A3873","objectType":"SubdivObject","name":"Subdiv 10","matrix":[1.0406423021361046,0.03966196083736552,1.3109279247770596,0,0.8838649259342815,-0.002785856676860162,-0.7015463794004799,0,-0.002125518937583209,0.16607849357302604,-0.0033374022917939915,0,210.30792310218885,661.7800037740758,303.57845587657283,1],"castShadow":true,"receiveShadow":true,"layers":1,"hiddenMatrix":[0.043102552402625,0.0024564953720852016,-0.12433101015316986,0,0.015126991865332437,0.1597186325595266,0.008399835567985856,0,0.1237362410589387,-0.0139605663629392,0.04262053160475526,0,-38.97177448197738,-107.81754425314563,1.4734845515832262,1],"interaction":{"uuid":"1D542845-845A-4874-9651-2E9A88B93A2A"},"geometry":"0163B88F-52D6-4AB3-90A5-8E947BF7C89A","material":"76C91D90-3955-4305-9BE8-93BBB91C42E3"},{"uuid":"4BA8D615-B255-4273-B5B4-B57CEC0BE7F9","objectType":"SubdivObject","name":"Subdiv 10","matrix":[-0.9931999160924766,0.01960310580815756,1.360421056652325,0,0.9048291000098211,-0.013153294449809906,0.6607763289423606,0,0.002699295457990022,0.1651424178656156,-0.0004089647581751394,0,37.480507697594476,661.8661466872883,308.2502833059256,1],"castShadow":true,"receiveShadow":true,"layers":1,"hiddenMatrix":[0.043102552402625005,0.0024564953720851946,-0.12433101015316984,0,0.015126991865332435,0.1597186325595266,0.008399835567985837,0,0.1237362410589387,-0.013960566362939193,0.04262053160475526,0,-38.97177448197741,-107.81754425314563,1.473484551583295,1],"interaction":{"uuid":"FE9899FA-240D-4191-BFAB-53CB6B29DBEC"},"geometry":"9678B1FF-2360-4CE3-8BD2-EA3A9BB31F14","material":"76C91D90-3955-4305-9BE8-93BBB91C42E3"},{"uuid":"6DFB4B42-19C4-43A7-AF18-E6B205615097","objectType":"SubdivObject","name":"Subdiv 10","matrix":[1.6078218962629178,0.005454381686969962,-0.3124813175661162,0,-0.210429764820941,0.018893404370264644,-1.0824024114472033,0,-4.5582351419394784e-18,0.164202716015111,0.0028661690694325795,0,259.58731839906034,665.5218966381151,147.89972472828435,1],"castShadow":true,"receiveShadow":true,"layers":1,"hiddenMatrix":[0.04310255240262499,0.0024564953720852146,-0.12433101015316986,0,0.015126991865332413,0.15971863255952656,0.008399835567985856,0,0.12373624105893871,-0.013960566362939207,0.04262053160475526,0,-38.97177448197738,-107.81754425314563,1.4734845515831125,1],"interaction":{"uuid":"7A50AA18-DBD1-4B62-82A0-DC1B891FF6BC"},"geometry":"CD076930-F85F-41B0-A377-E152C4E00780","material":"76C91D90-3955-4305-9BE8-93BBB91C42E3"},{"uuid":"B1C6069D-E8C4-459C-903C-FD093410C58F","objectType":"Mesh3D","name":"Sphere 7","matrix":[0.2652144700306235,0,0,0,0,0.004831666538953149,-0.2768059906292447,0,0,0.1177491323174823,0.002055318749842977,0,120.7650530767985,669.6121524552415,185.82789777451268,1],"castShadow":true,"receiveShadow":true,"layers":1,"hiddenMatrix":[0.043102552402625005,0.0024564953720851946,-0.12433101015316984,0,0.015126991865332435,0.1597186325595266,0.008399835567985837,0,0.1237362410589387,-0.013960566362939193,0.04262053160475526,0,-38.97177448197741,-107.81754425314563,1.473484551583295,1],"interaction":{"uuid":"52D7B82F-5443-400A-B010-1C7D3C31A4E9"},"geometry":"E9DD2052-248A-4CFC-ABEE-66B8A1C6CD14","material":"BF9F08F7-36B9-45B4-9572-AF698741761E"},{"uuid":"0E7B0481-044F-4343-BC41-F97CE37F4DCD","objectType":"SubdivObject","name":"Subdiv 10","matrix":[-1.6021226355134959,0.005943271786875083,-0.34048981263133576,0,-0.229291119718794,-0.0188264327497186,1.0785656098754839,0,-1.3674705425818517e-16,0.16420271601511194,0.0028661690694333623,0,-19.057195231376205,665.4280730297495,153.2748756516134,1],"castShadow":true,"receiveShadow":true,"layers":1,"hiddenMatrix":[0.043102552402625,0.0024564953720852016,-0.12433101015316986,0,0.015126991865332437,0.1597186325595266,0.008399835567985856,0,0.1237362410589387,-0.0139605663629392,0.04262053160475526,0,-38.97177448197738,-107.81754425314563,1.4734845515832262,1],"interaction":{"uuid":"EA6F9844-C3C3-4568-A0C3-43DC68410A00"},"geometry":"2F45BCDA-D392-4866-B45D-4B0692E70DA9","material":"76C91D90-3955-4305-9BE8-93BBB91C42E3"}],"hiddenMatrix":[0.9729923038571991,0.1680206403605918,-0.15828784238688415,0,-0.16339928119257502,0.9856713003398271,0.04186600759762639,0,0.16305413683935946,-0.014871183518176588,0.9865050412239951,0,-273.515289548628,260.680776132334,-525.4402190756871,1.0000000000000002],"interaction":{"uuid":"F51CC866-B1CA-498B-97DE-74A1F339ECD0"},"enableHelper":true},{"uuid":"29F40D3C-80F7-4516-8CDF-96AC45841A99","objectType":"EmptyObject","name":"Empty Object 2","matrix":[0.9999999999999999,9.10729824887826e-18,2.775557561562894e-17,0,2.969278705878331e-18,0.9135454576425975,-0.40673664307580004,0,-2.906025194515232e-17,0.40673664307580004,0.9135454576425975,0,139.23687853426077,-285.0835592989513,514.5521082432181,1],"layers":1,"children":[{"uuid":"74E097A5-6BD0-4775-9B39-A55E15763E21","objectType":"EmptyObject","name":"Empty Object","matrix":[0.8246066641261848,0.06246973908282323,-0.5622467262489007,0,-0.1242242791921374,0.9896212422725188,-0.07223659254272806,0,0.5518987026057189,0.12941146990091046,0.8238085296476394,0,84.26322964306296,-292.02872373166747,517.9582657814433,1],"layers":1,"children":[{"uuid":"745F33E7-20FF-4462-9262-458C41DEA3CF","objectType":"SubdivObject","name":"Subdiv 11","matrix":[0.028581204718157834,0.0004988867868786228,-1.6376655458455855,0,-1.1549754084170452,-0.02016017074173917,-0.020163241705784783,0,-0.002866169069147887,0.16420271601483258,3.8154251432046357e-13,0,123.88906733353983,664.1072176039536,44.414584769738184,1],"castShadow":true,"receiveShadow":true,"layers":1,"hiddenMatrix":[0.043102552402625,-0.04832585751103498,-0.11458117625091722,0,0.015126991865332434,0.1493267521969539,-0.057289788815840785,0,0.12373624105893867,0.004581719964043036,0.044614066947735787,0,-38.97177448197746,-98.3415960198215,45.57160186720501,1],"interaction":{"uuid":"8FB63D04-1F64-4BDB-B141-AB6606B297BE"},"geometry":"733D50DC-9B08-4FE5-9AE1-60B48F2C5B16","material":"7E95E6F6-E189-4ABE-AC27-9D9E11E8FE28"},{"uuid":"5E6DE57D-FD37-4A33-8271-578F8F054E74","objectType":"SubdivObject","name":"Subdiv 11","matrix":[1.0406423021361046,0.03966196083736552,1.3109279247770596,0,0.8838649259342815,-0.002785856676860162,-0.7015463794004799,0,-0.002125518937583209,0.16607849357302604,-0.0033374022917939915,0,210.30792310218885,661.7800037740758,303.57845587657283,1],"castShadow":true,"receiveShadow":true,"layers":1,"hiddenMatrix":[0.043102552402625,-0.04832585751103498,-0.11458117625091722,0,0.015126991865332434,0.1493267521969539,-0.057289788815840785,0,0.12373624105893867,0.004581719964043036,0.044614066947735787,0,-38.97177448197746,-98.3415960198215,45.57160186720501,1],"interaction":{"uuid":"39F8E4E7-4456-4CB1-BBD7-07EBD0244B32"},"geometry":"A4DFD515-FFA7-498A-A177-662F4C4B6D03","material":"7E95E6F6-E189-4ABE-AC27-9D9E11E8FE28"},{"uuid":"AEBF1BF3-60C2-4901-8452-6490EA075A64","objectType":"SubdivObject","name":"Subdiv 11","matrix":[-0.9931999160924766,0.01960310580815756,1.360421056652325,0,0.9048291000098211,-0.013153294449809906,0.6607763289423606,0,0.002699295457990022,0.1651424178656156,-0.0004089647581751394,0,37.480507697594476,661.8661466872883,308.2502833059256,1],"castShadow":true,"receiveShadow":true,"layers":1,"hiddenMatrix":[0.043102552402625,-0.04832585751103498,-0.11458117625091722,0,0.015126991865332434,0.1493267521969539,-0.057289788815840785,0,0.12373624105893867,0.004581719964043036,0.044614066947735787,0,-38.97177448197746,-98.3415960198215,45.57160186720501,1],"interaction":{"uuid":"2A6CE2E1-1131-4A0D-BF6F-687340BAB95E"},"geometry":"66CC1F82-D259-45A5-B424-541D981EC1F4","material":"7E95E6F6-E189-4ABE-AC27-9D9E11E8FE28"},{"uuid":"DFF731A1-81FF-47A9-8F66-522FDCFFB468","objectType":"SubdivObject","name":"Subdiv 11","matrix":[1.6078218962629178,0.005454381686969962,-0.3124813175661162,0,-0.210429764820941,0.018893404370264644,-1.0824024114472033,0,-4.5582351419394784e-18,0.164202716015111,0.0028661690694325795,0,259.58731839906034,665.5218966381151,147.89972472828435,1],"castShadow":true,"receiveShadow":true,"layers":1,"hiddenMatrix":[0.043102552402625,-0.04832585751103498,-0.11458117625091722,0,0.015126991865332414,0.14932675219695393,-0.05728978881584079,0,0.12373624105893867,0.004581719964043036,0.044614066947735787,0,-38.9717744819775,-98.3415960198215,45.571601867205025,1],"interaction":{"uuid":"3334195E-8636-4A75-80AF-59EB54662DB4"},"geometry":"AF04749D-8D71-4637-B97E-E3D7C4ED6E02","material":"7E95E6F6-E189-4ABE-AC27-9D9E11E8FE28"},{"uuid":"CE476989-A1FD-4B0D-8700-39E0D911A201","objectType":"Mesh3D","name":"Sphere 8","matrix":[0.2652144700306235,0,0,0,0,0.004831666538953149,-0.2768059906292447,0,0,0.1177491323174823,0.002055318749842977,0,120.7650530767985,669.6121524552415,185.82789777451268,1],"castShadow":true,"receiveShadow":true,"layers":1,"hiddenMatrix":[0.043102552402625,-0.04832585751103498,-0.11458117625091722,0,0.015126991865332434,0.1493267521969539,-0.057289788815840785,0,0.12373624105893867,0.004581719964043036,0.044614066947735787,0,-38.97177448197746,-98.3415960198215,45.57160186720501,1],"interaction":{"uuid":"6FF6C9D9-5452-4FF2-8231-89AAEDE5B5AE"},"geometry":"AC123509-0511-493F-9201-549F0DAF7526","material":"76C91D90-3955-4305-9BE8-93BBB91C42E3"},{"uuid":"2F862AF5-7C3D-4C34-8ABE-A2A46843FC24","objectType":"SubdivObject","name":"Subdiv 11","matrix":[-1.6021226355134959,0.005943271786875083,-0.34048981263133576,0,-0.229291119718794,-0.0188264327497186,1.0785656098754839,0,-1.3674705425818517e-16,0.16420271601511194,0.0028661690694333623,0,-19.057195231376205,665.4280730297495,153.2748756516134,1],"castShadow":true,"receiveShadow":true,"layers":1,"hiddenMatrix":[0.043102552402625,-0.04832585751103498,-0.11458117625091722,0,0.015126991865332434,0.1493267521969539,-0.057289788815840785,0,0.12373624105893867,0.004581719964043036,0.044614066947735787,0,-38.97177448197746,-98.3415960198215,45.57160186720501,1],"interaction":{"uuid":"2339E111-A53B-48E6-A4B5-B80509DEC6E6"},"geometry":"013B69AA-9357-43B9-983C-1F3F84C57E44","material":"7E95E6F6-E189-4ABE-AC27-9D9E11E8FE28"}],"hiddenMatrix":[1.0000000000000002,1.5050862734288128e-17,-5.4063444171424287e-17,0,-2.168404344970993e-18,0.9135454576426032,0.40673664307580204,0,2.775557561562894e-17,-0.40673664307580193,0.913545457642603,0,-139.2368785342608,469.723987840566,-354.1128113006602,1],"interaction":{"uuid":"D4E6AF15-D249-47DD-8E32-FBCFF6D62369"},"enableHelper":true},{"uuid":"5645A94C-5409-44A9-BEA8-B19A4835A297","objectType":"EmptyObject","name":"Empty Object 2","matrix":[0.9848077530122045,-0.11161889704894944,-0.13302222155948845,0,6.938893903907227e-17,0.7660444431189776,-0.6427876096865397,0,0.17364817766693033,0.6330222215594892,0.7544065067354883,0,139.23687853426082,-325.5788297012348,459.8435294313114,1],"layers":1,"children":[{"uuid":"CF6C2109-14E9-4C2A-AC7A-BB15F65DD2C4","objectType":"EmptyObject","name":"Empty Object","matrix":[0.8695336349509362,-0.15332224047535548,-0.4694715627858912,0,0.13269187451032685,0.9881654494648867,-0.07695395326287659,0,0.47571433037900535,0.004618989009161082,0.8795877106989312,0,88.00795081223578,-324.92409271143464,464.46381953454807,1],"layers":1,"children":[{"uuid":"122F9AF1-2088-43F6-8045-9A873377C0EB","objectType":"EmptyObject","name":"Empty Object","matrix":[0.890696114514875,-0.006951561823419123,-0.4545460453862931,0,0.0613438860804309,0.9925757531744582,0.10502524387357359,0,0.45044129387596565,-0.1214291974706566,0.8845098025307444,0,48.092521357065024,-323.2541989685914,481.2735709299734,1],"layers":1,"children":[{"uuid":"2EE6D670-24DD-455C-8F2D-B7E492DA4CF1","objectType":"EmptyObject","name":"Empty Object","matrix":[0.833491717860953,-0.5494664930048695,0.05812167686949638,0,0.5198673170027867,0.8154984517224522,0.25436243423627924,0,-0.1871617721905768,-0.18179342205704185,0.9653608769404648,0,97.5101251455383,-288.2823954108154,495.42371998700634,1],"layers":1,"children":[{"uuid":"AFC2FCE2-1E75-4F93-A4EB-27C3EC061626","objectType":"SubdivObject","name":"Subdiv 14","matrix":[0.028581204718157834,0.0004988867868786228,-1.6376655458455855,0,-1.1549754084170452,-0.02016017074173917,-0.020163241705784783,0,-0.002866169069147887,0.16420271601483258,3.8154251432046357e-13,0,123.88906733353983,664.1072176039536,44.414584769738184,1],"castShadow":true,"receiveShadow":true,"layers":1,"hiddenMatrix":[-0.05412361993940388,-0.10896754274224474,-0.05018737761841584,0,-0.10206931607201769,0.09001687379162351,-0.08537120039288013,0,0.08602634566954563,0.0031247006447156947,-0.09955786546258583,0,60.46928273090441,-49.89463573478494,83.8445003708539,1],"interaction":{"uuid":"454D2646-1E78-436F-BDF